
  [
    {
      $match: {
        'address.coord': {
          $geoWithin: {
            $geometry: {
              type: 'Polygon',
              coordinates: [
                [
                  [
                    -73.96034953585239,
                    40.587306285571316
                  ],
                  [
                    -73.96031712034926,
                    40.586514723599265
                  ],
                  [
                    -73.96031766303648,
                    40.58643646796946
                  ],
                  [
                    -73.9603380365593,
                    40.586281089500226
                  ],
                  [
                    -73.96034614943163,
                    40.586124770472765
                  ],
                  [
                    -73.96034190762006,
                    40.58596836626213
                  ],
                  [
                    -73.96032539267314,
                    40.58581272325353
                  ],
                  [
                    -73.9602582583656,
                    40.585029307841374
                  ],
                  [
                    -73.96024315330814,
                    40.58482708156819
                  ],
                  [
                    -73.960239433622,
                    40.58479187448081
                  ],
                  [
                    -73.96023461570692,
                    40.58474628320593
                  ],
                  [
                    -73.96023124300906,
                    40.58467600462851
                  ],
                  [
                    -73.96022753878262,
                    40.58460895942075
                  ],
                  [
                    -73.96021792111742,
                    40.58451466283779
                  ],
                  [
                    -73.96014924129607,
                    40.58357589703919
                  ],
                  [
                    -73.96010509454608,
                    40.58340835766167
                  ],
                  [
                    -73.96004798667482,
                    40.58326987240659
                  ],
                  [
                    -73.95900740039079,
                    40.582838127802084
                  ],
                  [
                    -73.95733608389972,
                    40.583025134880366
                  ],
                  [
                    -73.95723610016475,
                    40.583042270816264
                  ],
                  [
                    -73.95713291373283,
                    40.58304572652498
                  ],
                  [
                    -73.95703134180401,
                    40.58303533241693
                  ],
                  [
                    -73.95695596036082,
                    40.58298226254089
                  ],
                  [
                    -73.95689047344999,
                    40.58293397946079
                  ],
                  [
                    -73.95682583573115,
                    40.58288630864722
                  ],
                  [
                    -73.9567561828483,
                    40.58283497003053
                  ],
                  [
                    -73.95645729125697,
                    40.58265885105774
                  ],
                  [
                    -73.95604146734534,
                    40.58273625431972
                  ],
                  [
                    -73.95571160123396,
                    40.582804585191134
                  ],
                  [
                    -73.95517441482556,
                    40.58291587071754
                  ],
                  [
                    -73.95436572648407,
                    40.58308107764042
                  ],
                  [
                    -73.95414287795587,
                    40.58310614010554
                  ],
                  [
                    -73.95412132062687,
                    40.58298298480333
                  ],
                  [
                    -73.95411176089385,
                    40.58291991804907
                  ],
                  [
                    -73.95407172807259,
                    40.58270239791865
                  ],
                  [
                    -73.95403970550868,
                    40.582516391251495
                  ],
                  [
                    -73.9539200074703,
                    40.58186979357335
                  ],
                  [
                    -73.95383801588713,
                    40.58174555231505
                  ],
                  [
                    -73.95374063111356,
                    40.58135589224009
                  ],
                  [
                    -73.9533415384548,
                    40.57926712750847
                  ],
                  [
                    -73.95309963856504,
                    40.57799415612485
                  ],
                  [
                    -73.953039708118,
                    40.577679587111064
                  ],
                  [
                    -73.9530012310923,
                    40.577476512368705
                  ],
                  [
                    -73.95287451143842,
                    40.57688215936308
                  ],
                  [
                    -73.95242628474834,
                    40.5745591079629
                  ],
                  [
                    -73.95235846742617,
                    40.574274686193014
                  ],
                  [
                    -73.95254341027395,
                    40.574223979504254
                  ],
                  [
                    -73.95275899192154,
                    40.5742136309318
                  ],
                  [
                    -73.9529505883167,
                    40.574250238545474
                  ],
                  [
                    -73.95311788871606,
                    40.57428779386083
                  ],
                  [
                    -73.95328291809356,
                    40.57429188984172
                  ],
                  [
                    -73.95340408353212,
                    40.574294194836924
                  ],
                  [
                    -73.95352660081419,
                    40.574296523705335
                  ],
                  [
                    -73.95374257958349,
                    40.574297232241896
                  ],
                  [
                    -73.95377968074366,
                    40.57428764371034
                  ],
                  [
                    -73.95385051373712,
                    40.57427147727184
                  ],
                  [
                    -73.95393490539732,
                    40.574242908652636
                  ],
                  [
                    -73.9539942340508,
                    40.574266317041776
                  ],
                  [
                    -73.95401136297534,
                    40.574237622567466
                  ],
                  [
                    -73.95403199797876,
                    40.57408629718045
                  ],
                  [
                    -73.95408333385906,
                    40.57407327218326
                  ],
                  [
                    -73.95410726751419,
                    40.57410198257746
                  ],
                  [
                    -73.95410029594856,
                    40.574287233148745
                  ],
                  [
                    -73.95413360803454,
                    40.57433326749514
                  ],
                  [
                    -73.95439793821805,
                    40.574370845907175
                  ],
                  [
                    -73.95511114426023,
                    40.574371126805055
                  ],
                  [
                    -73.95513705246901,
                    40.57437113692572
                  ],
                  [
                    -73.95569484044358,
                    40.57432699626317
                  ],
                  [
                    -73.95620816595127,
                    40.57426547067514
                  ],
                  [
                    -73.95634506681625,
                    40.57420722198948
                  ],
                  [
                    -73.95636904107705,
                    40.574173312559275
                  ],
                  [
                    -73.9562956120362,
                    40.57383498465433
                  ],
                  [
                    -73.95631111453274,
                    40.573800174388374
                  ],
                  [
                    -73.95634533454607,
                    40.57379757829184
                  ],
                  [
                    -73.95638980040833,
                    40.57382368774356
                  ],
                  [
                    -73.95647169447582,
                    40.574139487242526
                  ],
                  [
                    -73.95656750905908,
                    40.57417077849294
                  ],
                  [
                    -73.957200534982,
                    40.57418667087826
                  ],
                  [
                    -73.95794413859446,
                    40.57414481266228
                  ],
                  [
                    -73.95843476359039,
                    40.574088815046274
                  ],
                  [
                    -73.95865147139081,
                    40.574051523771196
                  ],
                  [
                    -73.95888419181598,
                    40.573991595528696
                  ],
                  [
                    -73.9589663415274,
                    40.57394726876846
                  ],
                  [
                    -73.95897543388956,
                    40.5739045519766
                  ],
                  [
                    -73.95894268461846,
                    40.57346716764738
                  ],
                  [
                    -73.95898718972582,
                    40.57343065522932
                  ],
                  [
                    -73.9590260777379,
                    40.57345199461571
                  ],
                  [
                    -73.95907248027603,
                    40.57384554749769
                  ],
                  [
                    -73.95909642194563,
                    40.57386382043326
                  ],
                  [
                    -73.95939182247403,
                    40.57391210975237
                  ],
                  [
                    -73.95941778288545,
                    40.57517798313919
                  ],
                  [
                    -73.96103342769747,
                    40.57507632436142
                  ],
                  [
                    -73.96286117998778,
                    40.57498014075894
                  ],
                  [
                    -73.96471128859527,
                    40.574782617767994
                  ],
                  [
                    -73.9667535410714,
                    40.57483291839347
                  ],
                  [
                    -73.9675670729142,
                    40.5748815269491
                  ],
                  [
                    -73.96765743523478,
                    40.57504368249039
                  ],
                  [
                    -73.96780353615704,
                    40.57502045417888
                  ],
                  [
                    -73.96795533369405,
                    40.57501255371083
                  ],
                  [
                    -73.9681085770292,
                    40.5750208994534
                  ],
                  [
                    -73.96825878817545,
                    40.5750454894934
                  ],
                  [
                    -73.96840165964264,
                    40.57508536807457
                  ],
                  [
                    -73.96853345861892,
                    40.57513876039897
                  ],
                  [
                    -73.9688324999483,
                    40.575241501507485
                  ],
                  [
                    -73.96888995877943,
                    40.5752612389941
                  ],
                  [
                    -73.96883335365193,
                    40.5753358587302
                  ],
                  [
                    -73.96880187120077,
                    40.57537736366885
                  ],
                  [
                    -73.96873173299474,
                    40.57550141027248
                  ],
                  [
                    -73.96868119543251,
                    40.575630883265255
                  ],
                  [
                    -73.96866614128525,
                    40.57569696855528
                  ],
                  [
                    -73.96865108864596,
                    40.57576305434593
                  ],
                  [
                    -73.96854635420192,
                    40.576242671966845
                  ],
                  [
                    -73.96853234187863,
                    40.5763050311618
                  ],
                  [
                    -73.96852475501841,
                    40.576340380995575
                  ],
                  [
                    -73.96834847522265,
                    40.57711237005519
                  ],
                  [
                    -73.96804463332826,
                    40.57843983979058
                  ],
                  [
                    -73.96792398531493,
                    40.57896439510128
                  ],
                  [
                    -73.96761555684283,
                    40.58030516337018
                  ],
                  [
                    -73.967598677532,
                    40.58037847067586
                  ],
                  [
                    -73.9675871380136,
                    40.58042905913988
                  ],
                  [
                    -73.96733404016217,
                    40.58151752229596
                  ],
                  [
                    -73.96708956054434,
                    40.58259579426348
                  ],
                  [
                    -73.96707277553061,
                    40.58266981233107
                  ],
                  [
                    -73.96701115990237,
                    40.582947624111156
                  ],
                  [
                    -73.96693662136401,
                    40.5832777550879
                  ],
                  [
                    -73.96691975150384,
                    40.58335247304202
                  ],
                  [
                    -73.96681375454494,
                    40.58375771471713
                  ],
                  [
                    -73.96677678308147,
                    40.583914990021576
                  ],
                  [
                    -73.96676128867001,
                    40.58398439213521
                  ],
                  [
                    -73.96674664164024,
                    40.58405535201244
                  ],
                  [
                    -73.9667086622393,
                    40.584239301532826
                  ],
                  [
                    -73.96661531537421,
                    40.58457084645512
                  ],
                  [
                    -73.9666007977398,
                    40.5846417415137
                  ],
                  [
                    -73.96653588787524,
                    40.58495780686508
                  ],
                  [
                    -73.96649796172699,
                    40.585142492440276
                  ],
                  [
                    -73.96643740845934,
                    40.58541469427094
                  ],
                  [
                    -73.9663648671389,
                    40.585751244441454
                  ],
                  [
                    -73.96633012708638,
                    40.58589875142132
                  ],
                  [
                    -73.9661502276532,
                    40.586668823367816
                  ],
                  [
                    -73.96597498444326,
                    40.58743213587764
                  ],
                  [
                    -73.9658140265838,
                    40.58813321784824
                  ],
                  [
                    -73.96564091892893,
                    40.58888717504057
                  ],
                  [
                    -73.96546500586648,
                    40.58964333676733
                  ],
                  [
                    -73.96530164378387,
                    40.59035823061553
                  ],
                  [
                    -73.96514385192494,
                    40.59110191611804
                  ],
                  [
                    -73.96483485551107,
                    40.59113696911514
                  ],
                  [
                    -73.96377366315355,
                    40.59125722888867
                  ],
                  [
                    -73.96283785851618,
                    40.59136011151268
                  ],
                  [
                    -73.96067984068397,
                    40.59159758212358
                  ],
                  [
                    -73.9606241032518,
                    40.5908626812079
                  ],
                  [
                    -73.96057230464476,
                    40.59018142713132
                  ],
                  [
                    -73.96051667238417,
                    40.58945291164758
                  ],
                  [
                    -73.9604596836014,
                    40.588723819821055
                  ],
                  [
                    -73.9604071009968,
                    40.58803435179976
                  ],
                  [
                    -73.96034953585239,
                    40.587306285571316
                  ]
                ]
              ]
            }
          }
        }
      }
    }
  ]
